1. System Initiated,,,,,
2.Controller Starting,,,,,
Time,Angle,Error,Control Signal,Motor L, Motor R
0,19,-19,710,93,6
0.1,19,-19,709,93,6
0.15,19,-19,710,93,6
0.2,19,-19,710,93,6
0.26,19,-19,710,93,6
0.31,19,-19,710,93,6
0.37,19,-19,710,93,6
0.43,19,-19,710,93,6
0.48,19,-19,710,93,6
0.54,19,-19,709,93,6
0.59,19,-19,709,93,6
0.65,19,-19,709,93,6
0.7,19,-19,707,93,6
0.76,19,-19,705,93,6
0.81,18,-18,702,90,9
0.87,18,-18,698,90,9
0.92,17,-17,690,88,11
0.98,16,-16,684,86,13
1.03,15,-15,677,84,15
1.09,14,-14,671,81,18
1.15,14,-14,668,81,18
1.2,13,-13,663,79,20
1.26,13,-13,660,79,20
1.31,13,-13,657,79,20
1.37,12,-12,654,77,22
1.43,12,-12,650,77,22
1.48,12,-12,648,77,22
1.54,11,-11,644,75,25
1.6,11,-11,640,75,25
1.65,10,-10,636,72,27
1.71,10,-10,632,72,27
1.76,9,-9,628,70,29
1.82,9,-9,624,70,29
1.87,8,-8,622,68,31
1.93,8,-8,617,68,31
1.98,7,-7,613,65,34
2.03,7,-7,610,65,34
2.09,6,-6,606,63,36
2.14,6,-6,602,63,36
2.2,6,-6,599,63,36
2.25,5,-5,591,61,38
3. Scanning Started,,,,,
2.31,4,-4,590,59,40
2.38,4,-4,586,59,40
2.44,3,-3,581,56,43
2.49,3,-3,579,56,43
2.54,3,-3,576,56,43
2.6,2,-2,573,54,45
2.65,2,-2,570,54,45
2.71,2,-2,568,54,45
2.76,1,-1,566,52,47
2.81,1,-1,566,52,47
2.87,1,-1,565,52,47
2.92,1,-1,565,52,47
2.98,1,-1,566,52,47
3.03,2,-2,567,54,45
3.08,2,-2,571,54,45
3.14,2,-2,573,54,45
3.19,3,-3,577,56,43
3.25,3,-3,580,56,43
3.3,4,-4,583,59,40
3.35,4,-4,587,59,40
3.41,4,-4,588,59,40
3.46,4,-4,588,59,40
3.52,4,-4,589,59,40
3.57,4,-4,589,59,40
3.63,4,-4,589,59,40
3.68,4,-4,589,59,40
3.73,4,-4,590,59,40
3.79,4,-4,590,59,40
3.84,4,-4,590,59,40
3.9,4,-4,589,59,40
3.95,4,-4,589,59,40
4,4,-4,587,59,40
4.06,4,-4,586,59,40
4.11,4,-4,587,59,40
4.17,4,-4,585,59,40
4.22,3,-3,582,56,43
4.27,3,-3,581,56,43
4.33,3,-3,580,56,43
4.38,4,-4,587,59,40
4.44,3,-3,579,56,43
4.49,3,-3,579,56,43
4.54,3,-3,579,56,43
4.6,3,-3,579,56,43
4.65,3,-3,578,56,43
4.71,3,-3,578,56,43
4.76,3,-3,578,56,43
4.81,3,-3,578,56,43
4.87,3,-3,578,56,43
4.92,3,-3,578,56,43
4.98,3,-3,577,56,43
5.03,3,-3,577,56,43
5.09,3,-3,577,56,43
5.14,3,-3,577,56,43
5.19,3,-3,577,56,43
5.25,3,-3,577,56,43
5.3,3,-3,577,56,43
5.36,3,-3,577,56,43
5.41,3,-3,577,56,43
5.46,3,-3,577,56,43
5.52,3,-3,577,56,43
5.57,3,-3,576,56,43
5.63,3,-3,577,56,43
5.68,2,-2,574,54,45
5.73,3,-3,577,56,43
5.79,3,-3,576,56,43
5.84,3,-3,576,56,43
5.9,3,-3,577,56,43
5.95,3,-3,576,56,43
6,3,-3,576,56,43
6.06,3,-3,576,56,43
6.11,3,-3,575,56,43
6.17,3,-3,576,56,43
6.22,3,-3,575,56,43
6.28,3,-3,575,56,43
6.33,3,-3,575,56,43
6.38,3,-3,575,56,43
6.44,3,-3,575,56,43
6.49,3,-3,575,56,43
6.55,3,-3,575,56,43
6.6,3,-3,575,56,43
6.65,2,-2,574,54,45
6.71,2,-2,574,54,45
6.76,2,-2,574,54,45
6.82,2,-2,574,54,45
6.87,2,-2,573,54,45
6.92,2,-2,574,54,45
6.98,2,-2,574,54,45
7.03,2,-2,574,54,45
7.09,3,-3,577,56,43
7.14,3,-3,579,56,43
7.19,3,-3,581,56,43
7.25,3,-3,580,56,43
7.3,3,-3,581,56,43
7.36,3,-3,581,56,43
4. Shutdown,,,,,
